dataset : cifar100
partition : noniid-quantity
dir_alpha : 1.0
num_clients : 100
major_classes_num : 2
min_require_size : 10
globalize : False
noise_mode : sym
true_noise_ratio : [0.46014492753623193, 0.34238603297769155, 0.3615916955017301, 0.47846889952153115, 0.4137931034482759, 0.4423076923076923, 0.40476190476190477, 0.373015873015873, 0.4674157303370786, 0.49189189189189186, 0.4715447154471545, 0.44211409395973156, 0.3945578231292517, 0.4482758620689655, 0.3679245283018868, 0.314868804664723, 0.44204018547140644, 0.4869565217391304, 0.45390070921985815, 0.36892177589852004, 0.4398496240601504, 0.37684210526315787, 0.36363636363636365, 0.37735849056603776, 0.36490250696378834, 0.3208722741433022, 0.3414634146341463, 0.34647302904564314, 0.4344473007712082, 0.45627376425855515, 0.4025974025974026, 0.32898550724637676, 0.4838709677419355, 0.3994490358126722, 0.327653997378768, 0.2727272727272727, 0.4226804123711341, 0.48484848484848486, 0.37662337662337664, 0.3342036553524804, 0.37637637637637633, 0.31334231805929924, 0.3087557603686636, 0.33821989528795815, 0.4117647058823529, 0.4655172413793104, 0.41459369817578773, 0.3875802997858673, 0.45420326223337515, 0.2941176470588235, 0.35116598079561046, 0.41564417177914115, 0.46308724832214765, 0.40816326530612246, 0.3306451612903226, 0.46190476190476193, 0.4063291139240506, 0.3720136518771331, 0.49405548216644646, 0.47119965352966653, 0.4576271186440678, 0.4736842105263158, 0.36292428198433424, 0.42377260981912146, 0.4093150684931507, 0.4581673306772909, 0.37534571315685494, 0.3989769820971867, 0.3756756756756757, 0.41666666666666663, 0.481651376146789, 0.3846153846153846, 0.313953488372093, 0.34167893961708395, 0.4, 0.3495575221238938, 0.46239837398373984, 0.3572649572649572, 0.31443298969072164, 0.33009708737864074, 0.46366782006920415, 0.36111111111111116, 0.3273207215134184, 0.38053097345132747, 0.46808510638297873, 0.33333333333333337, 0.36191860465116277, 0.4455445544554455, 0.31034482758620685, 0.43465909090909094, 0.4152542372881356, 0.31698113207547174, 0.43999999999999995, 0.3076923076923077, 0.4035874439461884, 0.3669923995656895, 0.4285714285714286, 0.34206695778748175, 0.48732394366197185, 0.48445595854922274]
noise_ratio : [0.461161318225498, 0.34311329495980336, 0.3630695127130181, 0.4805126030928247, 0.42215364769563846, 0.44247825762023496, 0.4091053578273562, 0.37715459175744287, 0.4695671275477008, 0.4933467688274704, 0.47175015085663047, 0.44272147327568945, 0.4004381327585877, 0.4534530315134786, 0.37294569047800036, 0.31496386089359835, 0.44301269852400815, 0.49193163034933085, 0.456987884010878, 0.3695494778196819, 0.4429307963334242, 0.37775608571056135, 0.37100873083806374, 0.3906223809130711, 0.36662011635236774, 0.3225248554200971, 0.3468371928941462, 0.34690863365707364, 0.43679216609761995, 0.45699216603920306, 0.4082105448722813, 0.3290178373293691, 0.4858726123548748, 0.40000796725747667, 0.328072331481042, 0.3617747881373555, 0.4236485448795847, 0.4853964862402746, 0.3767290962799956, 0.3347156289704079, 0.376569491945234, 0.3136393361404574, 0.30985113087924593, 0.33926430799001883, 0.41614669949625804, 0.4670857381379332, 0.41494056381340877, 0.38904584829571653, 0.4544729261618699, 0.31740589178335715, 0.3518821434016073, 0.4167095146323777, 0.46462281633414565, 0.41002061319654326, 0.3319749676781234, 0.4664561237267041, 0.40691794960355077, 0.37459092513880243, 0.4941092198254292, 0.4716170870794132, 0.460481790349441, 0.4778211230538217, 0.3635119257015946, 0.4238551996100478, 0.4096404993193218, 0.4588121012436167, 0.37540436146405615, 0.39999006201655396, 0.3763111417817459, 0.42058880951584576, 0.48430627492748646, 0.4555119220266548, 0.32288952644391505, 0.3427001139192014, 0.4262663416429392, 0.35165908436605064, 0.4627249694724148, 0.35819004010025374, 0.3156912810824863, 0.3315893379432179, 0.46464906741642564, 0.3625340081565438, 0.32756572850470356, 0.3878702209425979, 0.473905836983737, 0.33620104375050397, 0.3629846801300948, 0.44739427944209287, 0.3109293750244952, 0.4351742691767999, 0.41629507152668294, 0.31733398438975685, 0.44519552747187696, 0.35778085627549777, 0.4055750863352488, 0.36780379786982725, 0.43012055778407954, 0.34347618258538326, 0.4898612793150177, 0.4869882507999643]
