dataset : cifar100
partition : noniid-labeldir
dir_alpha : 0.5
num_clients : 100
major_classes_num : 2
min_require_size : 10
globalize : False
noise_mode : sym
true_noise_ratio : [0.36310679611650487, 0.3542857142857143, 0.469785575048733, 0.4713656387665198, 0.4549019607843138, 0.3318385650224215, 0.34917355371900827, 0.44311377245508987, 0.34530938123752497, 0.42883895131086147, 0.30023640661938533, 0.4708333333333333, 0.4708097928436912, 0.4027777777777778, 0.38888888888888884, 0.4970178926441352, 0.4860557768924303, 0.3203883495145631, 0.4932301740812379, 0.4364035087719298, 0.3814229249011858, 0.4271457085828343, 0.37649402390438247, 0.43999999999999995, 0.44422310756972117, 0.30505415162454874, 0.37, 0.3891050583657587, 0.3019607843137255, 0.47758284600389866, 0.3015873015873016, 0.3803088803088803, 0.3026315789473685, 0.3791208791208791, 0.47326732673267324, 0.31313131313131315, 0.4668141592920354, 0.4, 0.48316831683168315, 0.337890625, 0.4161849710982659, 0.37972166998011925, 0.4385964912280702, 0.4764705882352941, 0.49603174603174605, 0.3421686746987952, 0.39321357285429137, 0.4257425742574258, 0.33531746031746035, 0.4953271028037384, 0.4387755102040817, 0.4043824701195219, 0.3542116630669546, 0.30000000000000004, 0.32295719844357973, 0.3591269841269841, 0.3110236220472441, 0.32530120481927716, 0.3880597014925373, 0.4410377358490566, 0.32199999999999995, 0.45585215605749485, 0.3404669260700389, 0.427027027027027, 0.4470134874759152, 0.3844621513944223, 0.47808764940239046, 0.3165322580645161, 0.35171102661596954, 0.41200000000000003, 0.3836978131212724, 0.49603174603174605, 0.3627639155470249, 0.433852140077821, 0.4892703862660944, 0.3782178217821782, 0.41487279843444225, 0.41874999999999996, 0.3055555555555556, 0.36822429906542054, 0.3804780876494024, 0.45686274509803926, 0.4129353233830846, 0.34273318872017355, 0.34368932038834954, 0.31881188118811876, 0.46286701208981007, 0.49101796407185627, 0.3669201520912547, 0.47895791583166336, 0.39243027888446214, 0.3558139534883721, 0.44181459566074954, 0.4484126984126984, 0.49613899613899615, 0.3258196721311475, 0.4088291746641075, 0.4864864864864865, 0.33461538461538465, 0.43248532289628183]
noise_ratio : [0.36441023373156495, 0.3543438271567075, 0.47133059835566093, 0.4714817557619355, 0.4554473127203159, 0.33328165399994863, 0.34927978278213184, 0.44428390489874686, 0.3453791690104687, 0.4304652902267493, 0.30252745102887996, 0.4722193907669609, 0.4720255356169825, 0.4036458860850857, 0.3898406484787462, 0.4980175636986618, 0.4877992722321949, 0.3216240640408913, 0.4933562356448001, 0.43658658951782575, 0.3814414699410223, 0.42812435699862117, 0.377190604190637, 0.44147072764038986, 0.44609479988315326, 0.30666677820826854, 0.37080943398719673, 0.38983199783580885, 0.30255080394211337, 0.47823235300331457, 0.3033012757491665, 0.38200993022431623, 0.3046948265377454, 0.37995506896204556, 0.4745693461734195, 0.314365733762157, 0.46745368818583677, 0.40159852104700977, 0.4851211128427086, 0.339364022625348, 0.41657034151271244, 0.38007063952254255, 0.4396083946466973, 0.4778720122875373, 0.4973365247043356, 0.3423823405883806, 0.39461825754703805, 0.42644795055449103, 0.33602010368025187, 0.49656329143242167, 0.43970481310420473, 0.4052566803421992, 0.3554151963604434, 0.300952144235417, 0.3239727976654309, 0.3600239637992363, 0.31215927996316395, 0.32684278015532575, 0.3892869773154748, 0.4430011704102299, 0.32321037340454445, 0.45743352424958855, 0.34144571638716437, 0.42703323259604054, 0.44848040296272496, 0.3855763865169251, 0.47934143906921767, 0.3166685255782708, 0.3517872913919312, 0.4127466823223154, 0.3838017760159865, 0.49624006622247685, 0.3644780486008217, 0.43501399090279835, 0.4908832901660527, 0.3795661558110654, 0.4154093388185959, 0.420506959108689, 0.3060021264152872, 0.36981255793669043, 0.38141726061455566, 0.45723799234813556, 0.41510559798362706, 0.3429898073796497, 0.34465764254775266, 0.32012501905230023, 0.463740685168832, 0.4925868903700586, 0.3678783316920287, 0.47900842869435867, 0.3933254532044885, 0.3571255703139934, 0.44352490353086504, 0.4485030487831891, 0.49685233381361094, 0.3261606160012167, 0.40898331032781504, 0.4875254871078215, 0.33531081507629706, 0.4329946424448471]
