dataset : cifar100
partition : noniid-#label
dir_alpha : 0.1
num_clients : 100
major_classes_num : 30
min_require_size : 10
globalize : False
noise_mode : asym
true_noise_ratio : [0.47961165048543686, 0.403960396039604, 0.3988212180746562, 0.45669291338582674, 0.4377358490566038, 0.47013487475915217, 0.35546875, 0.32101167315175094, 0.344106463878327, 0.4084507042253521, 0.3087649402390438, 0.3911368015414258, 0.4147727272727273, 0.39520958083832336, 0.4018867924528302, 0.39848197343453506, 0.42886178861788615, 0.4574257425742574, 0.433852140077821, 0.319626168224299, 0.4468937875751503, 0.3891129032258065, 0.38152610441767065, 0.34141791044776115, 0.3067729083665338, 0.470703125, 0.3828125, 0.4257028112449799, 0.3558648111332008, 0.30827067669172936, 0.342911877394636, 0.478, 0.3036750483558994, 0.39094650205761317, 0.46259842519685035, 0.3408163265306122, 0.40909090909090906, 0.38579654510556627, 0.37148594377510036, 0.32432432432432434, 0.32727272727272727, 0.4654471544715447, 0.4026974951830443, 0.3346534653465346, 0.3755102040816326, 0.4516765285996055, 0.3247524752475247, 0.3467741935483871, 0.3847736625514403, 0.38432122370936905, 0.4325955734406438, 0.45858585858585854, 0.48360655737704916, 0.3294346978557505, 0.3729166666666667, 0.3232323232323232, 0.3210831721470019, 0.3770161290322581, 0.3266932270916335, 0.42040816326530617, 0.313953488372093, 0.46828358208955223, 0.39658848614072495, 0.39587628865979385, 0.4394250513347022, 0.45940594059405937, 0.44842105263157894, 0.3507306889352818, 0.31919191919191914, 0.3340248962655602, 0.3044397463002114, 0.346, 0.44946236559139785, 0.47239263803680986, 0.3278688524590164, 0.3519668737060041, 0.4420432220039293, 0.4536489151873767, 0.43004115226337447, 0.47468354430379744, 0.31163708086785014, 0.3927855711422845, 0.3641975308641975, 0.3366533864541833, 0.334061135371179, 0.4506172839506173, 0.37656903765690375, 0.4530938123752495, 0.345679012345679, 0.43803418803418803, 0.4728033472803347, 0.36978131212723653, 0.35729386892177595, 0.3628865979381444, 0.4137931034482759, 0.34368530020703936, 0.3066132264529058, 0.45882352941176474, 0.3857142857142857, 0.3827160493827161]
noise_ratio : [0.4798499912550566, 0.4043650370175452, 0.40038518366510845, 0.4581864170425077, 0.4393353890009485, 0.47204452444888295, 0.3554956581946371, 0.3220948246636069, 0.3443657897028942, 0.40982410049725837, 0.3096716550217327, 0.39132684622090474, 0.4149804394336619, 0.3953744750072029, 0.4026977637645877, 0.3989065716041072, 0.4298941619333367, 0.4584822096842651, 0.43439065248762726, 0.3213267897702656, 0.4482329944733262, 0.3906952378327369, 0.3828851587212126, 0.34239589122328, 0.3075005013073291, 0.4724756035990699, 0.3840050711851225, 0.4276340826535988, 0.35590387480370533, 0.3092765433039792, 0.3447775812346081, 0.4781684038701059, 0.3046291854882241, 0.39135041249121016, 0.46359633431411446, 0.34278595340007234, 0.41061657950177355, 0.3860265502405374, 0.37231746668295795, 0.3255179344719486, 0.32888633942477313, 0.46708333371704575, 0.4039010877088611, 0.33615033735782407, 0.3759381358006435, 0.4521638245127312, 0.3262862516142519, 0.34746390854681386, 0.385818612895626, 0.3845867405925637, 0.43425509097135745, 0.460378128330213, 0.4852000553035148, 0.32949909770084096, 0.37467995890695127, 0.3240761501379864, 0.3226769138976388, 0.3775951980751462, 0.3267702630063148, 0.420761174147382, 0.3155978993534972, 0.46951253093674294, 0.39837648795509806, 0.3962280500057927, 0.4411910728407539, 0.4596859828428617, 0.4495992708980333, 0.35194607648216447, 0.3211125216907107, 0.3346460817344367, 0.3061722347580083, 0.3463839949026253, 0.45088087095707474, 0.4732062123781953, 0.32874228436005354, 0.3522304238691378, 0.4429930609195967, 0.4545707183354337, 0.4301686768662896, 0.4759561177830038, 0.3125922342688511, 0.39279523044896236, 0.36557936166916266, 0.338355157432224, 0.334181478920499, 0.4517473959345447, 0.37862765353132416, 0.45383196197836134, 0.3460276303836767, 0.4391000375209254, 0.4735785381775963, 0.37102449881131605, 0.3583204462237305, 0.36402966699569006, 0.4157481086749374, 0.34380937556000657, 0.3079968226806878, 0.45939816919390813, 0.3871102397631552, 0.3841125609981111]
