dataset : cifar100
partition : noniid-quantity
dir_alpha : 2.0
num_clients : 100
major_classes_num : 2
min_require_size : 10
globalize : False
noise_mode : asym
true_noise_ratio : [0.3884228187919463, 0.3911290322580645, 0.45895522388059706, 0.42038216560509556, 0.41823899371069184, 0.43518518518518523, 0.3608815426997245, 0.2857142857142857, 0.47111111111111115, 0.46405228758169936, 0.49586776859504134, 0.41666666666666663, 0.3355263157894737, 0.36423841059602646, 0.35769230769230764, 0.4094827586206896, 0.36904761904761907, 0.4183006535947712, 0.31896551724137934, 0.3417085427135679, 0.31999999999999995, 0.36820925553319916, 0.4733893557422969, 0.4631578947368421, 0.371824480369515, 0.3744855967078189, 0.35745614035087714, 0.30816640986132515, 0.4625719769673704, 0.4185303514376997, 0.4192634560906515, 0.4984276729559748, 0.35077519379844957, 0.41009055627425617, 0.3173553719008264, 0.48012232415902145, 0.3870967741935484, 0.4933333333333333, 0.3385579937304075, 0.33333333333333337, 0.4893617021276596, 0.49479166666666663, 0.3870967741935484, 0.4222222222222223, 0.3555555555555555, 0.38235294117647056, 0.4269340974212035, 0.3211267605633803, 0.43595041322314054, 0.3114035087719298, 0.37855579868708966, 0.4142538975501113, 0.33224755700325737, 0.4049586776859504, 0.43174603174603177, 0.47795823665893267, 0.34375, 0.3242105263157895, 0.4444444444444444, 0.49156118143459915, 0.4048295454545454, 0.3539325842696629, 0.3303571428571429, 0.31688804554079697, 0.4722222222222222, 0.43333333333333335, 0.31930693069306926, 0.30487804878048785, 0.31540342298288504, 0.403755868544601, 0.31034482758620685, 0.49634273772204807, 0.4744525547445255, 0.3110236220472441, 0.46212121212121215, 0.41706924315619964, 0.3708791208791209, 0.3780487804878049, 0.320600272851296, 0.4467592592592593, 0.36993464052287583, 0.46967559943582515, 0.41666666666666663, 0.49783549783549785, 0.4516129032258065, 0.40265486725663713, 0.38, 0.421875, 0.34285714285714286, 0.4454976303317536, 0.4563758389261745, 0.30627306273062727, 0.3176470588235294, 0.4147157190635451, 0.4558011049723757, 0.43964978111319575, 0.34545454545454546, 0.4744952178533475, 0.4457478005865103, 0.34322453016815035]
noise_ratio : [0.38912862725685954, 0.39408486915277413, 0.4600701309536256, 0.4250996388556498, 0.41848411652734774, 0.43725762672213264, 0.3615733764490181, 0.3059845155126898, 0.4715588186971837, 0.4668318223097544, 0.49698054203835845, 0.41957115604854966, 0.33985496696680484, 0.3648146495826387, 0.35825646180673704, 0.41209593677511097, 0.37005051393440336, 0.41943073367183203, 0.3192046667559401, 0.3452489616365517, 0.32581383656692864, 0.368755640928057, 0.4756566709222043, 0.46558746955179464, 0.3722075855241397, 0.3782132526370399, 0.3595791170957142, 0.30926180204278786, 0.4634442671318077, 0.4201166140465261, 0.42035441482850777, 0.4998139374779434, 0.35266279961317404, 0.4101513381834109, 0.31822649345483106, 0.4817515688604744, 0.3872796170628922, 0.4942108065389257, 0.3391499069124291, 0.34143691239269225, 0.4904332147399131, 0.49591456139450907, 0.3888730661948656, 0.429428161457685, 0.3574019586854126, 0.3833286684322299, 0.4291190025271273, 0.3236296106207231, 0.43609861628011426, 0.3133667568305131, 0.3798260603931987, 0.41493733900607693, 0.33433066422839564, 0.40690078191892254, 0.4346233741877411, 0.4788535182338309, 0.34621566062959697, 0.3244249892042507, 0.4459229584002925, 0.49269929327269835, 0.4053298745756685, 0.35935052561205866, 0.3365992733355081, 0.3183690498678305, 0.4730224999752502, 0.44143997589589323, 0.32154389356097673, 0.3135638155957465, 0.31651660296086476, 0.40487776469856374, 0.31636753024671777, 0.49671492317191646, 0.480821768048001, 0.3113066200515091, 0.46644348658735396, 0.41729407836753607, 0.3719085589814459, 0.37826133143784846, 0.32092712681567626, 0.4479675775280474, 0.3705836130832872, 0.4698921613239395, 0.41701566690419845, 0.4986554817822511, 0.45255665271781, 0.40323178207667554, 0.38064204182708394, 0.42278430747050955, 0.34367465058517266, 0.4464694430491377, 0.46006691347361095, 0.3085392269515661, 0.32154604664018044, 0.41592932624444484, 0.45756317751763964, 0.43976234263386604, 0.3538487813990369, 0.47478694488255857, 0.4476964670599203, 0.3432560190232952]
