dataset : cifar100
partition : noniid-quantity
dir_alpha : 3.0
num_clients : 100
major_classes_num : 2
min_require_size : 10
globalize : False
noise_mode : asym
true_noise_ratio : [0.4527938342967245, 0.4727891156462585, 0.33974358974358976, 0.4736842105263158, 0.3746581586144029, 0.4716981132075472, 0.47767393561786087, 0.4, 0.37393422655298414, 0.4390243902439024, 0.49873417721518987, 0.39094650205761317, 0.3317073170731707, 0.41939393939393943, 0.34979423868312753, 0.475, 0.39622641509433965, 0.39966555183946484, 0.4229390681003584, 0.3092369477911646, 0.3910891089108911, 0.3735177865612648, 0.3615384615384616, 0.4481327800829875, 0.3112582781456954, 0.39792387543252594, 0.41437632135306557, 0.3073248407643312, 0.44380952380952376, 0.45014245014245013, 0.32383419689119175, 0.4262560777957861, 0.4376199616122841, 0.324585635359116, 0.39460370994940974, 0.41208791208791207, 0.3780487804878049, 0.44792719919110213, 0.37293233082706767, 0.36250000000000004, 0.43181818181818177, 0.32638888888888884, 0.48867924528301887, 0.3258426966292135, 0.4126984126984127, 0.41002949852507375, 0.4136125654450262, 0.4458762886597938, 0.44040404040404035, 0.3326271186440678, 0.40169133192389006, 0.3064713064713065, 0.4566473988439307, 0.33564013840830453, 0.3172804532577904, 0.41241685144124174, 0.3242424242424242, 0.4691501746216531, 0.375609756097561, 0.4537987679671458, 0.4605067064083458, 0.3493449781659389, 0.3597560975609756, 0.4320754716981132, 0.36044362292051757, 0.40116279069767447, 0.4522144522144522, 0.36363636363636365, 0.31870669745958424, 0.3587786259541985, 0.4666666666666667, 0.45717592592592593, 0.4391534391534392, 0.4293706293706294, 0.3532608695652174, 0.40165289256198344, 0.41219158200290273, 0.4383561643835616, 0.33910533910533913, 0.31194690265486724, 0.3458856345885635, 0.4109792284866469, 0.42307692307692313, 0.39539748953974896, 0.4217821782178218, 0.3507692307692307, 0.3793103448275862, 0.3546205860255447, 0.3093145869947276, 0.4043583535108959, 0.3085585585585585, 0.39303482587064675, 0.3121019108280255, 0.36936936936936937, 0.4804088586030665, 0.3959390862944162, 0.4516129032258065, 0.3168316831683168, 0.4187866927592955, 0.3457446808510638]
noise_ratio : [0.4531749129895765, 0.475649218299452, 0.34254947477103426, 0.47795548304512614, 0.37512014324219234, 0.4733783556319281, 0.4782025981776758, 0.4017777566152337, 0.37491837623484464, 0.4430621892457327, 0.49924073774510414, 0.39349128600619254, 0.333470129576733, 0.4195445484603094, 0.35017456035379224, 0.4768626314406852, 0.3972581053160104, 0.4008258366471836, 0.4243878657911541, 0.3093167384086056, 0.39227591906476406, 0.37529398181705786, 0.36389991616332396, 0.4485149487628083, 0.3125969627467629, 0.3991697984923047, 0.4157995944083828, 0.30809791429531913, 0.44501902395558307, 0.4519870420549103, 0.325507962103417, 0.4268063963890423, 0.43897941295243026, 0.32521713544289643, 0.39497648528781265, 0.41254762541991974, 0.3792219278632661, 0.44851105863010576, 0.3734157210455332, 0.36843350723072227, 0.43283271945462976, 0.3273687464255412, 0.4890563049921141, 0.33237762093808065, 0.4130518227801765, 0.4110236156930238, 0.4141995035868238, 0.44713705642690127, 0.4409142999481527, 0.33288842057645035, 0.4028914302156181, 0.3067021521862589, 0.4571977231013545, 0.33668219738031335, 0.3181272476607156, 0.41248752093965607, 0.3250684732901168, 0.470067649017289, 0.37750594081974526, 0.4542392203891203, 0.4608172850581229, 0.35103812766148607, 0.361060755054405, 0.4325199535476123, 0.36116591926617425, 0.40376142587014036, 0.453466137550032, 0.370581264306779, 0.31917246266345317, 0.3621513563857649, 0.4677235590251162, 0.4574190642380935, 0.43952577406689, 0.4302672602633377, 0.35607119395845027, 0.403256321226055, 0.4135428787646372, 0.4387789158003218, 0.3395581390070913, 0.31312155441600004, 0.34602812836739283, 0.4122720600405082, 0.4236853413647247, 0.3955598310855592, 0.4226857453339914, 0.35182917997853286, 0.38034568884452147, 0.3546727967742345, 0.31015312163005826, 0.40634464377096713, 0.31024366973535217, 0.39584299043511695, 0.31476794442510286, 0.37347837590115973, 0.4820698855064225, 0.397908633329091, 0.45228631495427696, 0.3195591386598099, 0.4190694786849006, 0.3477225130844268]
